0.176667 0 5.76
0.22836 0 5.75414
0.280584 0 5.7485
0.333253 0 5.74305
0.38628 0 5.73773
0.43958 0 5.73248
0.493067 0 5.72724
0.546656 0 5.72197
0.60026 0 5.71662
0.653795 0 5.71111
0.707173 0 5.70541
0.76031 0 5.69946
0.81312 0 5.69321
0.865516 0 5.68659
0.917414 0 5.67956
0.968727 0 5.67207
1.01937 0 5.66405
1.06926 0 5.65546
1.1183 0 5.64625
1.16642 0 5.63634
1.21352 0 5.62571
1.25952 0 5.61428
1.30434 0 5.60201
1.34789 0 5.58884
1.39008 0 5.57471
1.43083 0 5.55958
1.47006 0 5.54339
1.50766 0 5.52609
1.54357 0 5.50762
1.57769 0 5.48793
1.60995 0 5.46696
1.64024 0 5.44466
1.66849 0 5.42098
1.69462 0 5.39586
1.71853 0 5.36925
1.74014 0 5.3411
1.75936 0 5.31134
1.77612 0 5.27993
1.79031 0 5.24682
1.80187 0 5.21194
1.81069 0 5.17525
1.8167 0 5.13669
1.81981 0 5.09621
1.81994 0 5.05375
1.81699 0 5.00926
1.81089 0 4.96269
1.80154 0 4.91398
1.78886 0 4.86307
1.77277 0 4.80992
1.75318 0 4.75447
1.73 0 4.69667
